1,2,14.49533
1,4,12.87215
1,6,11.90226
1,8,11.28682
1,10,10.73037
EPOCH1,12.036,41.659

2,2,10.10974
2,4,10.17325
2,6,9.85529
2,8,9.68441
2,10,9.77253
EPOCH2,9.881,66.887

3,2,9.52963
3,4,9.37030
3,6,9.07108
3,8,8.85786
3,10,9.06576
EPOCH3,9.120,68.812

4,2,8.67964
4,4,8.80775
4,6,8.65820
4,8,8.81054
4,10,8.53905
EPOCH4,8.701,69.836

5,2,8.79823
5,4,8.73887
5,6,8.78161
5,8,8.28711
5,10,8.34384
EPOCH5,8.502,71.377

6,2,8.60726
6,4,8.38952
6,6,8.17005
6,8,8.25963
6,10,8.43361
EPOCH6,8.365,71.740

7,2,8.33813
7,4,7.96926
7,6,8.27284
7,8,8.23347
7,10,8.78240
EPOCH7,8.290,71.640

8,2,8.39240
8,4,8.13823
8,6,8.16080
8,8,8.53782
8,10,7.94845
EPOCH8,8.246,71.193

9,2,8.01111
9,4,7.87671
9,6,8.21825
9,8,8.32672
9,10,8.50873
EPOCH9,8.198,71.072

10,2,8.38594
10,4,8.09342
10,6,7.97556
10,8,8.24670
10,10,7.90600
EPOCH10,8.168,71.274

11,2,8.52937
11,4,8.04354
11,6,7.81735
11,8,8.08076
11,10,8.10918
EPOCH11,8.119,71.314

12,2,8.17215
12,4,7.96439
12,6,8.06265
12,8,8.35038
12,10,7.77694
EPOCH12,8.066,71.789

13,2,8.28567
13,4,8.13106
13,6,7.67398
13,8,7.71829
13,10,8.33590
EPOCH13,8.027,71.963

14,2,7.85664
14,4,7.90376
14,6,8.02092
14,8,8.10249
14,10,7.74707
EPOCH14,7.997,71.932

15,2,8.15339
15,4,7.68484
15,6,7.86393
15,8,8.12517
15,10,8.29155
EPOCH15,7.962,72.295

16,2,8.27305
16,4,7.70959
16,6,8.00403
16,8,7.90927
16,10,7.97141
EPOCH16,7.939,72.345

17,2,7.77590
17,4,7.97851
17,6,7.92247
17,8,7.81294
17,10,8.35998
EPOCH17,7.918,72.307

18,2,7.97460
18,4,8.16214
18,6,8.18003
18,8,8.14192
18,10,7.42288
EPOCH18,7.943,72.472

19,2,7.53628
19,4,8.02747
19,6,7.98256
19,8,7.77837
19,10,7.85684
EPOCH19,7.880,72.346

20,2,8.20266
20,4,7.76128
20,6,7.85291
20,8,8.04189
20,10,7.34027
EPOCH20,7.862,72.474

21,2,8.22860
21,4,7.73604
21,6,7.93726
21,8,7.78071
21,10,7.73156
EPOCH21,7.841,72.629

22,2,7.96852
22,4,7.94933
22,6,7.99228
22,8,7.89192
22,10,7.45680
EPOCH22,7.830,72.589

23,2,7.52983
23,4,7.71567
23,6,8.33995
23,8,7.67390
23,10,7.82105
EPOCH23,7.810,72.595

24,2,8.05103
24,4,7.56978
24,6,7.48164
24,8,7.98550
24,10,7.65594
EPOCH24,7.808,72.780

25,2,7.60218
25,4,8.00624
25,6,7.75744
25,8,7.91867
25,10,7.57513
EPOCH25,7.786,72.753

26,2,7.62688
26,4,7.45719
26,6,7.88656
26,8,8.15556
26,10,7.88478
EPOCH26,7.776,72.774

27,2,7.58499
27,4,8.20771
27,6,7.54411
27,8,7.93919
27,10,7.70174
EPOCH27,7.755,72.875

28,2,7.97192
28,4,7.87209
28,6,7.79135
28,8,7.71768
28,10,7.62960
EPOCH28,7.746,72.754

29,2,7.83605
29,4,7.49008
29,6,7.98623
29,8,7.59251
29,10,7.72017
EPOCH29,7.727,73.011

30,2,7.63743
30,4,7.50188
30,6,7.57501
30,8,7.63634
30,10,8.21150
EPOCH30,7.728,72.873

31,2,7.86054
31,4,7.94129
31,6,7.51780
31,8,7.85083
31,10,7.60119
EPOCH31,7.739,72.817

32,2,7.14357
32,4,7.69689
32,6,7.70680
32,8,7.84166
32,10,7.98898
EPOCH32,7.720,72.847

33,2,7.72826
33,4,8.13355
33,6,7.43272
33,8,7.67646
33,10,7.62570
EPOCH33,7.688,73.099

34,2,7.61021
34,4,7.61261
34,6,7.80108
34,8,7.65095
34,10,7.54406
EPOCH34,7.677,72.969

35,2,7.54977
35,4,7.76125
35,6,8.01728
35,8,7.42352
35,10,7.61909
EPOCH35,7.663,72.977

36,2,7.60669
36,4,7.47496
36,6,7.93218
36,8,7.80098
36,10,7.49213
EPOCH36,7.669,72.992

37,2,7.86760
37,4,7.78169
37,6,7.32604
37,8,7.71570
37,10,7.39874
EPOCH37,7.652,72.963

38,2,7.77882
38,4,7.35479
38,6,7.01151
38,8,7.89247
38,10,7.73030
EPOCH38,7.634,73.116

39,2,7.96530
39,4,7.52742
39,6,7.54888
39,8,7.30064
39,10,7.71037
EPOCH39,7.620,73.155

40,2,7.48630
40,4,7.71074
40,6,7.79409
40,8,7.42358
40,10,7.55440
EPOCH40,7.617,73.180

41,2,7.37469
41,4,7.56562
41,6,7.62833
41,8,7.94358
41,10,7.60332
EPOCH41,7.605,73.233

42,2,7.82417
42,4,7.77454
42,6,7.77867
42,8,7.16149
42,10,7.63266
EPOCH42,7.606,73.309

43,2,8.02191
43,4,7.56368
43,6,7.53482
43,8,7.55694
43,10,7.14163
EPOCH43,7.597,73.254

44,2,7.35174
44,4,7.67528
44,6,7.60694
44,8,7.52865
44,10,7.78360
EPOCH44,7.587,73.205

45,2,7.25713
45,4,7.77240
45,6,7.47883
45,8,7.58346
45,10,7.54791
EPOCH45,7.579,73.244

46,2,7.85760
46,4,7.48175
46,6,7.44216
46,8,7.57042
46,10,7.41134
EPOCH46,7.582,73.275

47,2,7.24966
47,4,7.91386
47,6,7.49172
47,8,7.32270
47,10,7.84623
EPOCH47,7.574,73.312

48,2,7.67752
48,4,7.50670
48,6,7.58778
48,8,7.85155
48,10,7.07834
EPOCH48,7.570,73.395

49,2,7.59301
49,4,7.33811
49,6,7.78510
49,8,7.54387
49,10,7.30450
EPOCH49,7.554,73.363

50,2,7.43434
50,4,7.41811
50,6,7.87949
50,8,7.47529
50,10,7.58843
EPOCH50,7.554,73.364

51,2,7.91908
51,4,7.48730
51,6,7.47676
51,8,7.39297
51,10,7.47878
EPOCH51,7.546,73.441

52,2,7.24068
52,4,7.47233
52,6,7.75694
52,8,7.99522
52,10,7.40535
EPOCH52,7.542,73.408

53,2,7.26764
53,4,7.71131
53,6,7.56420
53,8,7.53335
53,10,7.44234
EPOCH53,7.536,73.486

54,2,7.53207
54,4,7.13070
54,6,7.26645
54,8,8.07634
54,10,7.65598
EPOCH54,7.527,73.526

55,2,7.66867
55,4,7.25100
55,6,7.66056
55,8,7.46726
55,10,7.50139
EPOCH55,7.520,73.591

56,2,7.39487
56,4,7.41992
56,6,7.56798
56,8,7.45239
56,10,7.90539
EPOCH56,7.518,73.515

57,2,7.62104
57,4,7.77217
57,6,7.16072
57,8,7.53588
57,10,7.26753
EPOCH57,7.513,73.536

58,2,7.31416
58,4,7.70405
58,6,7.51453
58,8,7.51083
58,10,7.63203
EPOCH58,7.515,73.468

59,2,7.67373
59,4,7.43582
59,6,7.58646
59,8,7.34126
59,10,7.65378
EPOCH59,7.506,73.534

60,2,7.48579
60,4,7.46590
60,6,7.36656
60,8,7.58121
60,10,7.74160
EPOCH60,7.507,73.529

61,2,7.70032
61,4,7.33103
61,6,7.46240
61,8,7.77406
61,10,7.04079
EPOCH61,7.500,73.495

62,2,7.30029
62,4,7.40263
62,6,7.82994
62,8,7.11377
62,10,7.71417
EPOCH62,7.485,73.684

63,2,7.69885
63,4,7.92570
63,6,7.19458
63,8,7.42816
63,10,7.18512
EPOCH63,7.482,73.682

64,2,7.60032
64,4,7.69166
64,6,6.99303
64,8,7.38800
64,10,7.73995
EPOCH64,7.470,73.695

65,2,7.47932
65,4,7.98413
65,6,7.61344
65,8,7.42758
65,10,7.12627
EPOCH65,7.465,73.729

66,2,7.49550
66,4,7.71509
66,6,7.62147
66,8,7.53387
66,10,6.97059
EPOCH66,7.458,73.701

67,2,7.17123
67,4,7.66497
67,6,7.46035
67,8,7.39366
67,10,7.76888
EPOCH67,7.457,73.707

68,2,7.67398
68,4,7.29917
68,6,7.58834
68,8,7.24198
68,10,7.36473
EPOCH68,7.455,73.676

69,2,7.72838
69,4,7.61591
69,6,7.20153
69,8,7.42396
69,10,7.51056
EPOCH69,7.454,73.686

70,2,6.91752
70,4,7.72829
70,6,7.49413
70,8,7.27472
70,10,7.52987
EPOCH70,7.441,73.692

71,2,7.32480
71,4,7.68745
71,6,7.29277
71,8,7.47831
71,10,7.40154
EPOCH71,7.442,73.753

72,2,7.10019
72,4,7.56532
72,6,7.19723
72,8,7.60779
72,10,7.76456
EPOCH72,7.436,73.729

73,2,7.58030
73,4,7.45308
73,6,7.16015
73,8,7.71004
73,10,6.92811
EPOCH73,7.430,73.811

74,2,7.31413
74,4,7.45148
74,6,7.61922
74,8,7.56425
74,10,7.28885
EPOCH74,7.425,73.838

75,2,7.37107
75,4,7.20132
75,6,7.58892
75,8,7.64039
75,10,7.26311
EPOCH75,7.419,73.871

76,2,7.50584
76,4,7.18681
76,6,7.49842
76,8,6.94622
76,10,7.95977
EPOCH76,7.409,73.857

77,2,7.72962
77,4,7.36743
77,6,7.54341
77,8,7.24345
77,10,7.20594
EPOCH77,7.408,73.873

78,2,7.04582
78,4,7.70711
78,6,7.34557
78,8,7.37237
78,10,7.57843
EPOCH78,7.402,73.868

79,2,7.42209
79,4,7.31344
79,6,7.36060
79,8,7.50570
79,10,7.33569
EPOCH79,7.395,73.914

80,2,7.74345
80,4,7.70665
80,6,6.92060
80,8,7.30669
80,10,7.31308
EPOCH80,7.390,73.897

81,2,7.61462
81,4,7.47950
81,6,7.52364
81,8,7.16144
81,10,7.15647
EPOCH81,7.381,73.974

82,2,7.00592
82,4,7.80491
82,6,7.15423
82,8,7.47799
82,10,7.52310
EPOCH82,7.382,73.986

83,2,6.94699
83,4,7.49065
83,6,7.60271
83,8,7.26609
83,10,7.61114
EPOCH83,7.373,73.977

84,2,7.32544
84,4,7.24723
84,6,7.28211
84,8,7.56992
84,10,7.49060
EPOCH84,7.361,74.017

85,2,7.44553
85,4,7.40852
85,6,7.87648
85,8,7.15465
85,10,6.86235
EPOCH85,7.376,73.930

86,2,7.20805
86,4,7.11948
86,6,7.31802
86,8,7.59530
86,10,7.26544
EPOCH86,7.370,73.898

87,2,7.74376
87,4,7.25832
87,6,7.47106
87,8,7.19800
87,10,7.25966
EPOCH87,7.357,73.968

88,2,7.43735
88,4,7.29107
88,6,7.53563
88,8,7.25875
88,10,7.47087
EPOCH88,7.350,74.030

89,2,7.10230
89,4,7.67456
89,6,7.36751
89,8,7.23864
89,10,7.33825
EPOCH89,7.348,74.087

90,2,6.88524
90,4,7.29197
90,6,7.59300
90,8,7.63439
90,10,7.21755
EPOCH90,7.341,74.049

91,2,7.70621
91,4,7.03802
91,6,7.14888
91,8,7.17718
91,10,7.44126
EPOCH91,7.330,74.092

92,2,7.76907
92,4,7.49234
92,6,7.22714
92,8,6.93956
92,10,7.25127
EPOCH92,7.327,74.147

93,2,7.27198
93,4,7.65990
93,6,7.48753
93,8,7.12660
93,10,6.96116
EPOCH93,7.323,74.151

94,2,7.21327
94,4,7.05697
94,6,7.32198
94,8,7.20504
94,10,7.68503
EPOCH94,7.317,74.144

95,2,7.37134
95,4,7.20765
95,6,7.32774
95,8,7.19070
95,10,7.41833
EPOCH95,7.312,74.172

96,2,7.32316
96,4,7.18646
96,6,7.27934
96,8,7.34793
96,10,7.20447
EPOCH96,7.314,74.178

97,2,7.15445
97,4,7.29704
97,6,7.44110
97,8,7.22026
97,10,7.23152
EPOCH97,7.309,74.199

98,2,7.35536
98,4,7.54407
98,6,7.20906
98,8,7.14744
98,10,7.38472
EPOCH98,7.312,74.218

99,2,6.94297
99,4,7.28572
99,6,7.81824
99,8,7.31900
99,10,7.13672
EPOCH99,7.304,74.214

100,2,7.38361
100,4,7.26461
100,6,7.48820
100,8,7.13484
100,10,7.06311
EPOCH100,7.298,74.249

101,2,7.19172
101,4,7.32013
101,6,7.17417
101,8,7.50356
101,10,7.24652
EPOCH101,7.296,74.221

102,2,6.85040
102,4,7.49269
102,6,7.12740
102,8,7.54750
102,10,7.34804
EPOCH102,7.301,74.235

103,2,7.18914
103,4,7.15362
103,6,7.31935
103,8,7.41900
103,10,7.51600
EPOCH103,7.300,74.219

104,2,7.20820
104,4,7.25130
104,6,7.02235
104,8,7.38234
104,10,7.62063
EPOCH104,7.297,74.257

105,2,7.58400
105,4,7.36061
105,6,7.10306
105,8,6.84890
105,10,7.49393
EPOCH105,7.294,74.261

106,2,6.99407
106,4,6.94801
106,6,7.53731
106,8,7.29986
106,10,7.53768
EPOCH106,7.291,74.252

107,2,7.09788
107,4,7.37460
107,6,7.13246
107,8,7.51680
107,10,7.48103
EPOCH107,7.284,74.308

108,2,6.94322
108,4,7.09913
108,6,7.39856
108,8,7.47971
108,10,7.43933
EPOCH108,7.282,74.289

109,2,7.50229
109,4,7.29655
109,6,7.18598
109,8,7.25631
109,10,7.35621
EPOCH109,7.287,74.293

110,2,7.17544
110,4,6.99505
110,6,7.48412
110,8,7.40387
110,10,7.50328
EPOCH110,7.280,74.312

111,2,7.44037
111,4,7.29288
111,6,7.45970
111,8,7.45860
111,10,7.13895
EPOCH111,7.283,74.310

112,2,7.23523
112,4,7.30997
112,6,7.77935
112,8,7.00074
112,10,7.07321
EPOCH112,7.276,74.307

113,2,7.28121
113,4,7.67826
113,6,7.04487
113,8,7.15948
113,10,7.34946
EPOCH113,7.273,74.320

114,2,7.57347
114,4,7.21855
114,6,7.17115
114,8,7.32488
114,10,6.93098
EPOCH114,7.269,74.334

115,2,7.18890
115,4,7.58602
115,6,7.17054
115,8,7.29972
115,10,6.95971
EPOCH115,7.262,74.336

116,2,6.99491
116,4,7.50511
116,6,6.95323
116,8,7.07991
116,10,7.66961
EPOCH116,7.264,74.342

117,2,7.05699
117,4,7.64116
117,6,7.39964
117,8,7.22620
117,10,7.18641
EPOCH117,7.259,74.361

118,2,7.08122
118,4,7.22533
118,6,7.26757
118,8,7.45692
118,10,7.16712
EPOCH118,7.263,74.371

119,2,7.28099
119,4,7.18782
119,6,7.12263
119,8,7.48330
119,10,7.09142
EPOCH119,7.261,74.326

120,2,7.33048
120,4,7.35820
120,6,6.73379
120,8,7.56265
120,10,7.20410
EPOCH120,7.254,74.333

121,2,7.45314
121,4,7.36736
121,6,6.87540
121,8,7.27909
121,10,7.35571
EPOCH121,7.256,74.363

122,2,7.00868
122,4,7.38936
122,6,7.07051
122,8,7.32478
122,10,7.56527
EPOCH122,7.250,74.362

123,2,7.26783
123,4,7.11190
123,6,7.33048
123,8,7.30375
123,10,7.18785
EPOCH123,7.241,74.389

124,2,7.23964
124,4,6.79808
124,6,7.41106
124,8,7.38133
124,10,7.66814
EPOCH124,7.245,74.405

125,2,7.20358
125,4,7.49259
125,6,7.13445
125,8,7.61121
125,10,6.97618
EPOCH125,7.250,74.342

126,2,6.83152
126,4,7.46849
126,6,7.29792
126,8,7.20892
126,10,7.26916
EPOCH126,7.246,74.384

127,2,7.27309
127,4,7.29556
127,6,7.32347
127,8,7.26635
127,10,6.96243
EPOCH127,7.241,74.413

128,2,7.28851
128,4,7.07467
128,6,7.33453
128,8,7.30903
128,10,7.09218
EPOCH128,7.239,74.427

129,2,7.66882
129,4,7.13058
129,6,7.16215
129,8,7.01718
129,10,7.46035
EPOCH129,7.239,74.434

130,2,6.96906
130,4,7.42900
130,6,7.24806
130,8,7.11151
130,10,7.49999
EPOCH130,7.237,74.473

131,2,7.10192
131,4,6.92042
131,6,7.53267
131,8,7.14174
131,10,7.37616
EPOCH131,7.238,74.431

132,2,7.10872
132,4,7.16696
132,6,7.64092
132,8,7.01656
132,10,7.18680
EPOCH132,7.237,74.476

133,2,7.19142
133,4,7.58396
133,6,7.10066
133,8,6.96285
133,10,7.30949
EPOCH133,7.235,74.460

134,2,7.12368
134,4,7.21799
134,6,7.31012
134,8,7.12741
134,10,7.18021
EPOCH134,7.234,74.471

135,2,6.83327
135,4,7.32037
135,6,7.17646
135,8,7.30174
135,10,7.33084
EPOCH135,7.226,74.462

136,2,7.24685
136,4,7.41421
136,6,7.34099
136,8,6.85315
136,10,7.48721
EPOCH136,7.239,74.476

137,2,6.93389
137,4,7.72113
137,6,6.86792
137,8,7.22943
137,10,7.10176
EPOCH137,7.235,74.454

138,2,7.06097
138,4,7.17209
138,6,7.26418
138,8,7.20182
138,10,7.46155
EPOCH138,7.232,74.480

139,2,7.56941
139,4,6.95064
139,6,7.09157
139,8,7.38546
139,10,6.94025
EPOCH139,7.235,74.477

140,2,7.11686
140,4,7.23575
140,6,7.17680
140,8,7.28570
140,10,7.27906
EPOCH140,7.228,74.457

141,2,7.10856
141,4,7.33754
141,6,7.08938
141,8,7.52393
141,10,6.97964
EPOCH141,7.230,74.484

142,2,7.19887
142,4,7.02036
142,6,7.23204
142,8,7.36532
142,10,7.22107
EPOCH142,7.232,74.492

143,2,7.19959
143,4,7.14187
143,6,7.09987
143,8,7.30880
143,10,7.34453
EPOCH143,7.227,74.465

144,2,7.17643
144,4,7.16067
144,6,7.29466
144,8,7.34159
144,10,7.23996
EPOCH144,7.228,74.475

145,2,7.33280
145,4,7.04083
145,6,7.14365
145,8,7.44671
145,10,7.15774
EPOCH145,7.228,74.479

146,2,7.30174
146,4,7.40708
146,6,7.29469
146,8,7.03202
146,10,7.16796
EPOCH146,7.228,74.494

147,2,7.19818
147,4,7.22002
147,6,7.49804
147,8,7.38212
147,10,6.99880
EPOCH147,7.232,74.489

148,2,7.39355
148,4,6.70251
148,6,7.41579
148,8,7.55919
148,10,7.17379
EPOCH148,7.230,74.476

149,2,7.41430
149,4,7.30719
149,6,7.06051
149,8,7.24182
149,10,7.24297
EPOCH149,7.228,74.499

150,2,7.12380
150,4,7.33465
150,6,6.74860
150,8,7.36056
150,10,7.40930
EPOCH150,7.234,74.491

151,2,6.81017
151,4,6.95969
151,6,7.67766
151,8,7.42326
151,10,7.25509
EPOCH151,7.230,74.482

152,2,6.97613
152,4,7.41016
152,6,7.08785
152,8,7.56694
152,10,7.13127
EPOCH152,7.226,74.481

153,2,7.09867
153,4,7.36478
153,6,7.06393
153,8,7.24785
153,10,7.37052
EPOCH153,7.225,74.493

154,2,7.17215
154,4,7.25782
154,6,6.97329
154,8,7.39756
154,10,7.35309
EPOCH154,7.227,74.484

155,2,7.39998
155,4,7.57243
155,6,7.09008
155,8,7.43995
155,10,6.96753
EPOCH155,7.229,74.489

156,2,7.23188
156,4,7.23356
156,6,7.35391
156,8,6.72286
156,10,7.52400
EPOCH156,7.224,74.482

157,2,7.35574
157,4,6.90774
157,6,7.23702
157,8,7.32768
157,10,7.30175
EPOCH157,7.233,74.503

158,2,7.28852
158,4,6.84940
158,6,7.33479
158,8,7.42100
158,10,7.16358
EPOCH158,7.224,74.494

159,2,7.10218
159,4,7.40033
159,6,7.30136
159,8,6.76359
159,10,7.39963
EPOCH159,7.226,74.507

160,2,7.28885
160,4,6.97030
160,6,7.32248
160,8,7.19144
160,10,7.18742
EPOCH160,7.227,74.487

161,2,7.36156
161,4,6.78184
161,6,7.44761
161,8,7.40498
161,10,7.38495
EPOCH161,7.227,74.493

162,2,7.30689
162,4,7.26130
162,6,7.29195
162,8,7.11185
162,10,7.05215
EPOCH162,7.228,74.501

163,2,6.85438
163,4,7.02057
163,6,7.14979
163,8,7.47297
163,10,7.76500
EPOCH163,7.231,74.521

164,2,7.18811
164,4,7.27674
164,6,7.53042
164,8,7.29816
164,10,7.03340
EPOCH164,7.232,74.504

165,2,7.31978
165,4,7.39055
165,6,7.13335
165,8,7.35280
165,10,7.03781
EPOCH165,7.225,74.508

166,2,7.33492
166,4,7.01409
166,6,6.97952
166,8,7.30191
166,10,7.46192
EPOCH166,7.226,74.518

167,2,7.17884
167,4,7.10896
167,6,7.54444
167,8,7.08913
167,10,7.08883
EPOCH167,7.224,74.502

168,2,7.73724
168,4,7.21288
168,6,7.25357
168,8,6.96771
168,10,6.89545
EPOCH168,7.225,74.499

169,2,7.08988
169,4,7.37380
169,6,7.30940
169,8,7.48372
169,10,7.01338
EPOCH169,7.230,74.518

170,2,7.33792
170,4,7.18730
170,6,7.04607
170,8,7.41635
170,10,7.12823
EPOCH170,7.223,74.498

171,2,7.11812
171,4,7.12676
171,6,7.54278
171,8,7.58802
171,10,6.86446
EPOCH171,7.226,74.515

172,2,7.21240
172,4,7.20418
172,6,7.38904
172,8,7.15198
172,10,7.11626
EPOCH172,7.224,74.510

173,2,7.16432
173,4,7.15865
173,6,6.96655
173,8,7.34327
173,10,7.48118
EPOCH173,7.223,74.505

174,2,7.51442
174,4,7.34288
174,6,7.04573
174,8,7.23477
174,10,6.89437
EPOCH174,7.222,74.513

175,2,7.34071
175,4,7.30525
175,6,7.16245
175,8,7.03340
175,10,7.28395
EPOCH175,7.225,74.500

176,2,6.91754
176,4,7.07524
176,6,7.27663
176,8,7.59931
176,10,7.13320
EPOCH176,7.223,74.515

177,2,7.32530
177,4,6.78511
177,6,7.53101
177,8,7.28768
177,10,7.38958
EPOCH177,7.219,74.494

178,2,6.87234
178,4,7.47888
178,6,7.39627
178,8,7.05210
178,10,7.12022
EPOCH178,7.224,74.495

179,2,7.25354
179,4,7.09480
179,6,7.53097
179,8,7.11730
179,10,7.39718
EPOCH179,7.224,74.500

180,2,7.49417
180,4,7.09662
180,6,7.24763
180,8,7.08687
180,10,7.28262
EPOCH180,7.219,74.507

