1,2,13.53601
1,4,12.83517
1,6,12.61263
1,8,12.32515
1,10,11.73218
EPOCH1,12.598,33.587

2,2,11.48145
2,4,11.66729
2,6,11.14514
2,8,11.33839
2,10,10.98063
EPOCH2,11.343,56.399

3,2,11.12281
3,4,10.52739
3,6,10.57027
3,8,11.03413
3,10,10.45475
EPOCH3,10.708,64.030

4,2,10.40100
4,4,10.31721
4,6,10.66894
4,8,10.24750
4,10,10.12983
EPOCH4,10.370,65.655

5,2,10.11634
5,4,10.13666
5,6,10.58724
5,8,9.84618
5,10,10.15192
EPOCH5,10.205,66.713

6,2,10.08725
6,4,10.22555
6,6,9.93184
6,8,10.15175
6,10,10.03005
EPOCH6,10.108,68.064

7,2,9.85069
7,4,9.88812
7,6,10.44751
7,8,10.02655
7,10,9.91248
EPOCH7,10.020,69.341

8,2,9.90251
8,4,10.09785
8,6,9.99969
8,8,9.73877
8,10,9.78183
EPOCH8,9.956,69.760

9,2,10.10864
9,4,9.79403
9,6,9.63721
9,8,9.86380
9,10,10.08799
EPOCH9,9.914,70.302

10,2,9.73713
10,4,9.91151
10,6,9.72012
10,8,10.06430
10,10,9.93078
EPOCH10,9.871,70.588

11,2,9.79996
11,4,9.68930
11,6,9.74734
11,8,10.23852
11,10,9.76432
EPOCH11,9.835,70.860

12,2,9.94785
12,4,10.15155
12,6,9.84103
12,8,9.65355
12,10,9.54482
EPOCH12,9.803,71.171

13,2,9.90937
13,4,9.59524
13,6,10.03493
13,8,9.66074
13,10,9.78096
EPOCH13,9.786,70.840

14,2,10.13692
14,4,9.79815
14,6,9.99628
14,8,9.61888
14,10,9.66713
EPOCH14,9.775,71.046

15,2,9.96155
15,4,9.47269
15,6,9.93021
15,8,9.90956
15,10,9.51561
EPOCH15,9.743,71.215

16,2,9.70032
16,4,9.81111
16,6,9.41934
16,8,9.44227
16,10,10.04029
EPOCH16,9.715,71.403

17,2,9.62659
17,4,9.59729
17,6,9.65787
17,8,9.62680
17,10,9.87236
EPOCH17,9.680,71.633

18,2,9.65242
18,4,9.55749
18,6,9.74426
18,8,9.56605
18,10,9.87788
EPOCH18,9.648,71.680

19,2,9.64970
19,4,9.79511
19,6,9.59200
19,8,9.46083
19,10,9.70723
EPOCH19,9.630,71.610

20,2,9.78419
20,4,9.49237
20,6,9.53466
20,8,9.65614
20,10,9.64391
EPOCH20,9.616,71.892

21,2,9.77342
21,4,9.65810
21,6,9.35330
21,8,9.52905
21,10,9.81426
EPOCH21,9.602,71.893

22,2,9.62357
22,4,9.34036
22,6,9.76332
22,8,9.40485
22,10,9.71937
EPOCH22,9.586,72.050

23,2,9.62374
23,4,9.35354
23,6,9.67568
23,8,9.75082
23,10,9.58604
EPOCH23,9.578,71.997

24,2,9.30453
24,4,9.54228
24,6,9.81875
24,8,9.51125
24,10,9.79908
EPOCH24,9.571,72.057

25,2,9.70627
25,4,9.58307
25,6,9.29129
25,8,9.48716
25,10,9.66219
EPOCH25,9.562,72.041

26,2,9.31107
26,4,9.49222
26,6,9.37784
26,8,9.41648
26,10,9.84897
EPOCH26,9.542,72.087

27,2,9.61646
27,4,9.41289
27,6,9.54555
27,8,9.61096
27,10,9.73548
EPOCH27,9.538,72.226

28,2,9.44457
28,4,9.56879
28,6,9.19803
28,8,9.88728
28,10,9.62455
EPOCH28,9.525,72.215

29,2,9.57636
29,4,9.49309
29,6,9.36501
29,8,9.35964
29,10,9.75369
EPOCH29,9.511,72.181

30,2,9.38740
30,4,9.46514
30,6,9.42453
30,8,9.86714
30,10,9.35071
EPOCH30,9.498,72.303

31,2,9.45398
31,4,9.36438
31,6,9.71357
31,8,9.41174
31,10,9.31042
EPOCH31,9.487,72.359

32,2,9.45132
32,4,9.58704
32,6,9.46230
32,8,9.58333
32,10,9.15647
EPOCH32,9.482,72.356

33,2,9.39353
33,4,9.55631
33,6,9.82758
33,8,9.31699
33,10,9.35011
EPOCH33,9.477,72.337

34,2,9.48787
34,4,9.67101
34,6,9.56280
34,8,9.63267
34,10,9.01794
EPOCH34,9.466,72.369

35,2,9.65213
35,4,9.20258
35,6,9.36972
35,8,9.56179
35,10,9.56167
EPOCH35,9.450,72.436

36,2,9.85065
36,4,9.42405
36,6,9.27242
36,8,9.33332
36,10,9.19881
EPOCH36,9.444,72.448

37,2,9.55702
37,4,9.65005
37,6,9.56944
37,8,9.25808
37,10,9.28468
EPOCH37,9.428,72.572

38,2,9.43245
38,4,9.48476
38,6,9.38910
38,8,9.44357
38,10,9.43935
EPOCH38,9.415,72.660

39,2,9.24044
39,4,9.52225
39,6,9.41981
39,8,9.56744
39,10,9.25323
EPOCH39,9.407,72.738

40,2,9.15401
40,4,9.67835
40,6,9.54276
40,8,9.39544
40,10,9.28370
EPOCH40,9.398,72.745

41,2,9.17878
41,4,9.17387
41,6,9.62179
41,8,9.12211
41,10,9.53909
EPOCH41,9.391,72.838

42,2,9.29408
42,4,9.56998
42,6,9.41547
42,8,9.28284
42,10,9.32176
EPOCH42,9.385,72.879

43,2,9.15370
43,4,9.61688
43,6,9.31525
43,8,9.49404
43,10,9.25394
EPOCH43,9.378,72.916

44,2,9.47528
44,4,9.77177
44,6,9.56952
44,8,8.95473
44,10,9.12052
EPOCH44,9.373,72.945

45,2,9.09312
45,4,9.44446
45,6,9.54805
45,8,9.62098
45,10,9.07397
EPOCH45,9.366,72.974

46,2,9.38765
46,4,9.13389
46,6,9.31031
46,8,9.55058
46,10,9.43019
EPOCH46,9.360,72.987

47,2,9.11310
47,4,9.47628
47,6,9.46251
47,8,9.34837
47,10,9.21815
EPOCH47,9.358,73.057

48,2,9.27118
48,4,9.45318
48,6,9.07024
48,8,9.59597
48,10,9.40919
EPOCH48,9.348,73.055

49,2,9.40759
49,4,9.36091
49,6,9.33859
49,8,9.42542
49,10,9.14044
EPOCH49,9.342,73.128

50,2,9.42988
50,4,9.27788
50,6,9.38863
50,8,8.88718
50,10,9.54032
EPOCH50,9.334,73.114

51,2,9.61855
51,4,8.86458
51,6,9.41288
51,8,9.34373
51,10,9.18870
EPOCH51,9.332,73.156

52,2,9.34421
52,4,9.45459
52,6,9.22195
52,8,9.43097
52,10,9.33373
EPOCH52,9.325,73.163

53,2,9.55207
53,4,9.24660
53,6,9.37262
53,8,9.40725
53,10,9.14335
EPOCH53,9.322,73.153

54,2,9.10519
54,4,9.37391
54,6,9.26854
54,8,9.36738
54,10,9.48021
EPOCH54,9.319,73.182

55,2,9.69534
55,4,8.79931
55,6,9.12721
55,8,9.44805
55,10,9.44050
EPOCH55,9.317,73.116

56,2,8.83361
56,4,9.35177
56,6,9.56169
56,8,9.44391
56,10,9.57871
EPOCH56,9.305,73.251

57,2,9.72416
57,4,9.06929
57,6,9.21238
57,8,9.23813
57,10,9.30361
EPOCH57,9.295,73.300

58,2,9.28111
58,4,9.51858
58,6,9.05101
58,8,9.35033
58,10,9.03770
EPOCH58,9.286,73.351

59,2,9.20794
59,4,9.36444
59,6,8.99641
59,8,9.50630
59,10,9.37644
EPOCH59,9.283,73.364

60,2,9.57324
60,4,9.51982
60,6,9.33020
60,8,8.89231
60,10,9.46667
EPOCH60,9.281,73.437

61,2,9.29413
61,4,9.48949
61,6,9.02834
61,8,9.68029
61,10,9.19122
EPOCH61,9.273,73.408

62,2,9.17807
62,4,9.66977
62,6,9.37818
62,8,8.78219
62,10,9.20567
EPOCH62,9.267,73.479

63,2,9.24131
63,4,8.90152
63,6,9.64446
63,8,9.26774
63,10,9.38040
EPOCH63,9.265,73.410

64,2,9.41035
64,4,8.88425
64,6,9.44903
64,8,9.25650
64,10,9.30022
EPOCH64,9.258,73.479

65,2,9.24123
65,4,9.28040
65,6,9.09248
65,8,9.41543
65,10,9.33534
EPOCH65,9.251,73.526

66,2,9.58436
66,4,8.99465
66,6,9.27626
66,8,9.17139
66,10,9.14652
EPOCH66,9.244,73.535

67,2,9.01850
67,4,9.27884
67,6,8.99436
67,8,9.25201
67,10,9.51765
EPOCH67,9.242,73.576

68,2,9.16312
68,4,9.12113
68,6,9.34252
68,8,8.99796
68,10,9.52255
EPOCH68,9.235,73.592

69,2,9.47082
69,4,8.75848
69,6,9.11155
69,8,9.35484
69,10,8.94935
EPOCH69,9.230,73.617

70,2,9.07492
70,4,9.29822
70,6,9.12730
70,8,9.22067
70,10,9.51318
EPOCH70,9.232,73.517

71,2,9.09892
71,4,9.32868
71,6,9.46579
71,8,9.34248
71,10,9.03819
EPOCH71,9.228,73.605

72,2,9.15533
72,4,9.43899
72,6,9.46500
72,8,9.36672
72,10,8.67153
EPOCH72,9.221,73.609

73,2,8.97208
73,4,9.28444
73,6,9.24727
73,8,9.21863
73,10,9.26733
EPOCH73,9.208,73.654

74,2,9.31852
74,4,8.91795
74,6,9.53115
74,8,9.34491
74,10,9.24171
EPOCH74,9.203,73.673

75,2,8.98421
75,4,9.46537
75,6,9.02377
75,8,9.19382
75,10,9.37534
EPOCH75,9.202,73.673

76,2,8.96392
76,4,9.13642
76,6,9.23065
76,8,9.35241
76,10,9.15653
EPOCH76,9.192,73.742

77,2,9.14580
77,4,9.23011
77,6,9.04672
77,8,9.25058
77,10,9.17275
EPOCH77,9.189,73.744

78,2,9.49573
78,4,9.14088
78,6,9.29563
78,8,8.91413
78,10,8.89900
EPOCH78,9.185,73.766

79,2,8.76796
79,4,9.17500
79,6,9.16494
79,8,9.25967
79,10,9.38628
EPOCH79,9.179,73.803

80,2,9.11898
80,4,9.36544
80,6,9.03100
80,8,9.27206
80,10,9.47184
EPOCH80,9.171,73.819

81,2,9.16881
81,4,9.20030
81,6,8.92491
81,8,9.17203
81,10,9.32274
EPOCH81,9.168,73.820

82,2,9.29582
82,4,9.21493
82,6,9.15191
82,8,9.11255
82,10,9.35570
EPOCH82,9.164,73.828

83,2,8.97038
83,4,9.09799
83,6,9.11426
83,8,9.16724
83,10,9.18984
EPOCH83,9.156,73.866

84,2,9.62420
84,4,8.67301
84,6,8.94042
84,8,9.37483
84,10,9.09796
EPOCH84,9.154,73.877

85,2,9.04399
85,4,9.30056
85,6,9.32801
85,8,9.15592
85,10,9.27348
EPOCH85,9.146,73.880

86,2,8.89473
86,4,9.21212
86,6,9.41292
86,8,9.12496
86,10,9.07310
EPOCH86,9.142,73.915

87,2,9.11247
87,4,9.41001
87,6,9.26373
87,8,9.06567
87,10,8.87178
EPOCH87,9.138,73.937

88,2,9.67463
88,4,8.92008
88,6,8.92135
88,8,9.31849
88,10,8.94029
EPOCH88,9.131,73.957

89,2,8.96745
89,4,9.11253
89,6,9.11878
89,8,9.08688
89,10,9.31725
EPOCH89,9.126,73.975

90,2,8.98787
90,4,8.94120
90,6,9.54631
90,8,9.16439
90,10,9.32431
EPOCH90,9.125,73.995

91,2,8.98425
91,4,9.17214
91,6,9.33248
91,8,9.02586
91,10,9.09781
EPOCH91,9.117,74.022

92,2,9.19150
92,4,9.28153
92,6,9.15228
92,8,8.84257
92,10,8.97373
EPOCH92,9.113,74.045

93,2,9.08084
93,4,9.20880
93,6,8.84811
93,8,9.34929
93,10,8.96746
EPOCH93,9.113,74.037

94,2,8.86119
94,4,9.10576
94,6,9.14856
94,8,9.14931
94,10,9.06247
EPOCH94,9.107,74.071

95,2,8.86614
95,4,9.07568
95,6,9.03962
95,8,9.01524
95,10,9.28876
EPOCH95,9.105,74.065

96,2,9.03845
96,4,9.13253
96,6,9.57997
96,8,9.03864
96,10,8.66511
EPOCH96,9.101,74.105

97,2,9.08930
97,4,8.93316
97,6,9.52936
97,8,9.03882
97,10,8.96500
EPOCH97,9.103,74.074

98,2,8.62167
98,4,9.26853
98,6,8.90136
98,8,9.38068
98,10,9.17679
EPOCH98,9.099,74.104

99,2,9.20429
99,4,9.13778
99,6,9.39613
99,8,9.07106
99,10,8.77697
EPOCH99,9.094,74.094

100,2,9.03732
100,4,9.20760
100,6,8.87596
100,8,9.26340
100,10,9.43787
EPOCH100,9.093,74.102

101,2,8.90403
101,4,8.91937
101,6,9.02717
101,8,9.28278
101,10,9.05616
EPOCH101,9.093,74.132

102,2,9.25687
102,4,9.44777
102,6,8.98774
102,8,8.75869
102,10,8.94637
EPOCH102,9.090,74.112

103,2,8.98113
103,4,8.90786
103,6,9.09027
103,8,9.18038
103,10,9.34698
EPOCH103,9.086,74.136

104,2,9.23390
104,4,9.15860
104,6,9.23213
104,8,9.11913
104,10,8.80434
EPOCH104,9.082,74.152

105,2,9.08672
105,4,9.06017
105,6,8.97565
105,8,9.01103
105,10,9.26115
EPOCH105,9.084,74.136

106,2,9.13970
106,4,8.72256
106,6,9.30034
106,8,8.95222
106,10,9.12904
EPOCH106,9.076,74.160

107,2,9.25550
107,4,9.52643
107,6,9.07566
107,8,8.86263
107,10,9.00555
EPOCH107,9.076,74.171

108,2,9.05069
108,4,8.81634
108,6,8.95877
108,8,9.08449
108,10,9.28473
EPOCH108,9.078,74.174

109,2,9.18988
109,4,9.31676
109,6,8.89001
109,8,9.12947
109,10,8.88684
EPOCH109,9.072,74.179

110,2,9.33289
110,4,9.02748
110,6,8.95289
110,8,9.23978
110,10,8.95397
EPOCH110,9.067,74.175

111,2,8.98189
111,4,8.82042
111,6,8.92294
111,8,9.38877
111,10,9.37783
EPOCH111,9.069,74.186

112,2,8.97146
112,4,9.04467
112,6,8.85928
112,8,9.16543
112,10,9.11149
EPOCH112,9.067,74.186

113,2,9.32421
113,4,8.87963
113,6,9.11809
113,8,8.78863
113,10,9.20240
EPOCH113,9.063,74.185

114,2,9.20462
114,4,9.13867
114,6,8.83955
114,8,8.92038
114,10,9.18971
EPOCH114,9.062,74.199

115,2,8.64571
115,4,9.26614
115,6,9.00741
115,8,9.15122
115,10,9.17178
EPOCH115,9.056,74.212

116,2,9.11098
116,4,9.18547
116,6,9.09218
116,8,9.09015
116,10,8.86878
EPOCH116,9.057,74.209

117,2,9.11639
117,4,9.40986
117,6,8.82738
117,8,8.96973
117,10,8.93379
EPOCH117,9.053,74.223

118,2,8.94592
118,4,8.92623
118,6,8.90275
118,8,9.22012
118,10,9.13690
EPOCH118,9.054,74.209

119,2,9.30326
119,4,9.05232
119,6,9.31602
119,8,8.81788
119,10,8.80618
EPOCH119,9.049,74.233

120,2,9.07894
120,4,9.14256
120,6,9.11847
120,8,9.12368
120,10,8.92581
EPOCH120,9.049,74.212

121,2,9.07361
121,4,8.99833
121,6,9.17289
121,8,9.02435
121,10,9.07249
EPOCH121,9.046,74.235

122,2,9.04074
122,4,9.12547
122,6,8.82046
122,8,9.28549
122,10,8.98323
EPOCH122,9.046,74.229

123,2,9.07615
123,4,8.84437
123,6,9.08237
123,8,9.28310
123,10,8.90332
EPOCH123,9.043,74.231

124,2,9.25134
124,4,8.98542
124,6,8.97818
124,8,9.22608
124,10,8.90388
EPOCH124,9.038,74.257

125,2,9.08624
125,4,8.69418
125,6,9.05061
125,8,9.02733
125,10,9.30955
EPOCH125,9.037,74.241

126,2,8.96829
126,4,9.30270
126,6,8.93253
126,8,9.03840
126,10,8.87713
EPOCH126,9.036,74.275

127,2,9.30183
127,4,8.52303
127,6,8.84757
127,8,9.46139
127,10,9.22760
EPOCH127,9.034,74.270

128,2,8.95435
128,4,8.93652
128,6,9.10783
128,8,8.90604
128,10,9.07743
EPOCH128,9.030,74.294

129,2,9.11099
129,4,9.08704
129,6,9.28489
129,8,8.98612
129,10,8.87324
EPOCH129,9.033,74.290

130,2,9.06065
130,4,8.85332
130,6,9.22941
130,8,9.35778
130,10,8.68030
EPOCH130,9.031,74.305

131,2,9.00527
131,4,8.99397
131,6,8.93830
131,8,8.95750
131,10,9.10570
EPOCH131,9.025,74.302

132,2,8.72088
132,4,8.73039
132,6,9.27661
132,8,9.50714
132,10,9.10519
EPOCH132,9.029,74.292

133,2,9.32033
133,4,9.10395
133,6,9.26981
133,8,9.03244
133,10,8.56171
EPOCH133,9.030,74.309

134,2,9.09806
134,4,9.29573
134,6,9.28750
134,8,8.69362
134,10,8.68672
EPOCH134,9.030,74.308

135,2,9.00051
135,4,8.68566
135,6,9.07082
135,8,9.25194
135,10,9.02095
EPOCH135,9.030,74.307

136,2,9.22093
136,4,8.71384
136,6,8.89904
136,8,9.23739
136,10,9.17784
EPOCH136,9.030,74.297

137,2,8.71721
137,4,9.28525
137,6,8.98063
137,8,9.06485
137,10,8.96426
EPOCH137,9.025,74.316

138,2,9.01146
138,4,9.13058
138,6,9.33019
138,8,8.70235
138,10,9.08877
EPOCH138,9.027,74.299

139,2,9.26806
139,4,8.60085
139,6,8.97871
139,8,9.20891
139,10,9.08535
EPOCH139,9.030,74.308

140,2,9.02990
140,4,8.99587
140,6,9.23433
140,8,8.95428
140,10,8.88104
EPOCH140,9.029,74.308

141,2,9.10285
141,4,8.79391
141,6,9.41681
141,8,8.84183
141,10,9.04057
EPOCH141,9.028,74.306

142,2,9.22875
142,4,8.86132
142,6,8.84905
142,8,9.00756
142,10,8.95828
EPOCH142,9.027,74.316

143,2,9.18869
143,4,8.89559
143,6,8.53054
143,8,9.23206
143,10,9.23163
EPOCH143,9.026,74.306

144,2,9.07919
144,4,9.16392
144,6,9.38711
144,8,8.77207
144,10,8.71064
EPOCH144,9.027,74.318

145,2,9.06201
145,4,8.93286
145,6,9.30829
145,8,9.06109
145,10,8.94677
EPOCH145,9.023,74.313

146,2,9.24904
146,4,9.52908
146,6,8.60945
146,8,8.96956
146,10,8.83142
EPOCH146,9.023,74.302

147,2,8.80764
147,4,9.30915
147,6,8.95408
147,8,8.94998
147,10,9.10063
EPOCH147,9.025,74.311

148,2,9.12608
148,4,9.50393
148,6,8.89098
148,8,8.63969
148,10,9.02905
EPOCH148,9.021,74.317

149,2,9.27240
149,4,8.73261
149,6,9.19651
149,8,9.09437
149,10,8.81683
EPOCH149,9.022,74.321

150,2,8.91341
150,4,8.99531
150,6,9.05050
150,8,9.19841
150,10,8.82515
EPOCH150,9.023,74.318

151,2,9.08677
151,4,9.24021
151,6,9.15474
151,8,8.92382
151,10,8.79311
EPOCH151,9.022,74.319

152,2,9.08006
152,4,9.39916
152,6,8.55943
152,8,8.73123
152,10,9.21105
EPOCH152,9.022,74.320

153,2,9.24664
153,4,8.89950
153,6,8.95996
153,8,9.37179
153,10,8.61752
EPOCH153,9.024,74.326

154,2,8.90302
154,4,9.08118
154,6,9.01388
154,8,9.00975
154,10,9.01398
EPOCH154,9.023,74.323

155,2,9.28650
155,4,8.92998
155,6,8.86431
155,8,8.90542
155,10,9.00137
EPOCH155,9.021,74.318

156,2,9.01159
156,4,9.08748
156,6,9.08562
156,8,9.13162
156,10,9.00921
EPOCH156,9.022,74.324

157,2,9.20803
157,4,9.30854
157,6,9.00226
157,8,8.76683
157,10,8.81184
EPOCH157,9.022,74.321

158,2,9.03820
158,4,8.58554
158,6,9.07466
158,8,9.20956
158,10,9.13372
EPOCH158,9.023,74.316

159,2,9.14451
159,4,8.67781
159,6,8.89436
159,8,9.29792
159,10,8.97789
EPOCH159,9.022,74.321

160,2,8.82675
160,4,8.78057
160,6,9.44441
160,8,9.07694
160,10,8.87008
EPOCH160,9.023,74.327

161,2,9.16780
161,4,8.59916
161,6,9.13559
161,8,9.47648
161,10,8.87408
EPOCH161,9.022,74.321

162,2,9.08174
162,4,9.24903
162,6,9.06829
162,8,8.70186
162,10,9.02333
EPOCH162,9.020,74.333

163,2,9.10920
163,4,9.27470
163,6,8.67726
163,8,9.16667
163,10,8.94654
EPOCH163,9.017,74.332

164,2,9.11474
164,4,9.05055
164,6,9.04908
164,8,8.99996
164,10,8.84126
EPOCH164,9.019,74.329

165,2,9.34170
165,4,9.00656
165,6,8.98183
165,8,9.11712
165,10,8.58750
EPOCH165,9.022,74.322

166,2,9.11355
166,4,9.09825
166,6,8.50392
166,8,9.07980
166,10,9.44401
EPOCH166,9.020,74.325

167,2,9.10383
167,4,9.20553
167,6,8.89744
167,8,8.72282
167,10,9.00245
EPOCH167,9.022,74.335

168,2,9.04342
168,4,9.01937
168,6,8.93999
168,8,9.14657
168,10,8.81360
EPOCH168,9.019,74.328

169,2,9.12335
169,4,9.12463
169,6,9.09605
169,8,8.94866
169,10,9.13640
EPOCH169,9.023,74.327

170,2,8.99602
170,4,9.13982
170,6,8.97426
170,8,8.82643
170,10,9.18145
EPOCH170,9.014,74.332

171,2,9.02903
171,4,8.81440
171,6,9.28324
171,8,9.30917
171,10,8.61072
EPOCH171,9.022,74.323

172,2,8.84069
172,4,9.02680
172,6,9.11256
172,8,9.21122
172,10,8.80441
EPOCH172,9.021,74.334

173,2,8.86856
173,4,8.91633
173,6,9.05103
173,8,9.02340
173,10,9.08807
EPOCH173,9.022,74.329

174,2,9.52322
174,4,9.12427
174,6,9.06373
174,8,8.84434
174,10,8.56576
EPOCH174,9.021,74.337

175,2,8.90338
175,4,9.19551
175,6,8.78667
175,8,9.05238
175,10,9.08109
EPOCH175,9.019,74.336

176,2,9.11129
176,4,8.92775
176,6,8.93141
176,8,8.74377
176,10,9.26915
EPOCH176,9.019,74.330

177,2,9.16339
177,4,8.83329
177,6,8.86506
177,8,9.19527
177,10,9.03552
EPOCH177,9.020,74.331

178,2,8.91278
178,4,9.24449
178,6,9.03040
178,8,8.78103
178,10,9.04451
EPOCH178,9.019,74.332

179,2,9.05434
179,4,8.81944
179,6,9.14431
179,8,8.68573
179,10,9.22237
EPOCH179,9.021,74.334

180,2,9.13945
180,4,8.93858
180,6,8.77884
180,8,8.97176
180,10,9.14367
EPOCH180,9.017,74.328

