1,4,1.542
1,8,0.652
1,12,0.392
1,16,0.294
1,20,0.232
EPOCH1,1.259,53.681

2,4,1.139
2,8,0.556
2,12,0.368
2,16,0.275
2,20,0.220
EPOCH2,1.110,64.865

3,4,1.065
3,8,0.547
3,12,0.347
3,16,0.270
3,20,0.208
EPOCH3,1.063,67.556

4,4,1.018
4,8,0.506
4,12,0.343
4,16,0.261
4,20,0.212
EPOCH4,1.032,68.340

5,4,1.012
5,8,0.487
5,12,0.333
5,16,0.247
5,20,0.206
EPOCH5,1.005,68.789

6,4,0.950
6,8,0.524
6,12,0.321
6,16,0.246
6,20,0.194
EPOCH6,0.986,68.832

7,4,0.932
7,8,0.482
7,12,0.332
7,16,0.254
7,20,0.189
EPOCH7,0.969,68.994

8,4,0.982
8,8,0.462
8,12,0.308
8,16,0.233
8,20,0.189
EPOCH8,0.947,69.859

9,4,0.925
9,8,0.463
9,12,0.321
9,16,0.233
9,20,0.180
EPOCH9,0.929,70.074

10,4,0.938
10,8,0.467
10,12,0.304
10,16,0.228
10,20,0.176
EPOCH10,0.914,70.100

11,4,0.873
11,8,0.444
11,12,0.308
11,16,0.228
11,20,0.175
EPOCH11,0.897,70.386

12,4,0.898
12,8,0.441
12,12,0.282
12,16,0.230
12,20,0.172
EPOCH12,0.880,70.550

13,4,0.897
13,8,0.434
13,12,0.286
13,16,0.212
13,20,0.170
EPOCH13,0.865,70.649

14,4,0.871
14,8,0.430
14,12,0.272
14,16,0.216
14,20,0.171
EPOCH14,0.853,70.611

15,4,0.818
15,8,0.432
15,12,0.274
15,16,0.209
15,20,0.172
EPOCH15,0.838,70.763

16,4,0.844
16,8,0.406
16,12,0.282
16,16,0.206
16,20,0.164
EPOCH16,0.826,70.756

17,4,0.832
17,8,0.403
17,12,0.272
17,16,0.208
17,20,0.163
EPOCH17,0.818,70.732

18,4,0.809
18,8,0.418
18,12,0.262
18,16,0.213
18,20,0.163
EPOCH18,0.823,69.710

19,4,0.810
19,8,0.409
19,12,0.268
19,16,0.189
19,20,0.160
EPOCH19,0.798,70.420

20,4,0.772
20,8,0.388
20,12,0.273
20,16,0.190
20,20,0.153
EPOCH20,0.782,70.656

21,4,0.749
21,8,0.382
21,12,0.258
21,16,0.186
21,20,0.160
EPOCH21,0.769,70.819

22,4,0.761
22,8,0.382
22,12,0.256
22,16,0.188
22,20,0.149
EPOCH22,0.758,70.844

23,4,0.754
23,8,0.371
23,12,0.247
23,16,0.192
23,20,0.148
EPOCH23,0.747,70.909

24,4,0.730
24,8,0.342
24,12,0.255
24,16,0.184
24,20,0.157
EPOCH24,0.737,71.069

25,4,0.747
25,8,0.353
25,12,0.252
25,16,0.181
25,20,0.149
EPOCH25,0.732,71.116

26,4,0.756
26,8,0.379
26,12,0.227
26,16,0.179
26,20,0.146
EPOCH26,0.726,71.146

27,4,0.719
27,8,0.360
27,12,0.242
27,16,0.181
27,20,0.143
EPOCH27,0.721,71.151

28,4,0.715
28,8,0.357
28,12,0.246
28,16,0.174
28,20,0.145
EPOCH28,0.715,71.245

29,4,0.688
29,8,0.340
29,12,0.247
29,16,0.179
29,20,0.143
EPOCH29,0.710,71.247

30,4,0.717
30,8,0.357
30,12,0.243
30,16,0.165
30,20,0.142
EPOCH30,0.705,71.256

31,4,0.700
31,8,0.354
31,12,0.231
31,16,0.177
31,20,0.133
EPOCH31,0.700,71.297

32,4,0.711
32,8,0.355
32,12,0.226
32,16,0.167
32,20,0.140
EPOCH32,0.695,71.345

33,4,0.694
33,8,0.347
33,12,0.235
33,16,0.163
33,20,0.141
EPOCH33,0.690,71.377

34,4,0.655
34,8,0.345
34,12,0.222
34,16,0.180
34,20,0.138
EPOCH34,0.685,71.412

35,4,0.671
35,8,0.351
35,12,0.211
35,16,0.171
35,20,0.146
EPOCH35,0.681,71.389

36,4,0.716
36,8,0.316
36,12,0.220
36,16,0.175
36,20,0.138
EPOCH36,0.678,71.333

37,4,0.694
37,8,0.318
37,12,0.216
37,16,0.170
37,20,0.134
EPOCH37,0.673,71.406

38,4,0.695
38,8,0.351
38,12,0.217
38,16,0.156
38,20,0.135
EPOCH38,0.667,71.483

39,4,0.641
39,8,0.316
39,12,0.224
39,16,0.173
39,20,0.140
EPOCH39,0.665,71.388

40,4,0.611
40,8,0.335
40,12,0.223
40,16,0.171
40,20,0.136
EPOCH40,0.659,71.516

41,4,0.660
41,8,0.333
41,12,0.226
41,16,0.165
41,20,0.132
EPOCH41,0.660,71.254

42,4,0.634
42,8,0.338
42,12,0.217
42,16,0.165
42,20,0.132
EPOCH42,0.655,71.282

43,4,0.663
43,8,0.325
43,12,0.213
43,16,0.163
43,20,0.131
EPOCH43,0.650,71.367

44,4,0.622
44,8,0.318
44,12,0.219
44,16,0.159
44,20,0.132
EPOCH44,0.646,71.409

45,4,0.636
45,8,0.318
45,12,0.223
45,16,0.161
45,20,0.121
EPOCH45,0.640,71.524

46,4,0.642
46,8,0.330
46,12,0.212
46,16,0.151
46,20,0.130
EPOCH46,0.636,71.593

47,4,0.598
47,8,0.328
47,12,0.211
47,16,0.163
47,20,0.126
EPOCH47,0.633,71.635

48,4,0.643
48,8,0.316
48,12,0.208
48,16,0.153
48,20,0.130
EPOCH48,0.631,71.670

49,4,0.620
49,8,0.304
49,12,0.211
49,16,0.163
49,20,0.122
EPOCH49,0.628,71.703

50,4,0.619
50,8,0.299
50,12,0.213
50,16,0.160
50,20,0.123
EPOCH50,0.626,71.742

51,4,0.604
51,8,0.324
51,12,0.200
51,16,0.160
51,20,0.126
EPOCH51,0.624,71.742

52,4,0.588
52,8,0.315
52,12,0.216
52,16,0.157
52,20,0.123
EPOCH52,0.622,71.745

53,4,0.623
53,8,0.289
53,12,0.197
53,16,0.162
53,20,0.131
EPOCH53,0.620,71.779

54,4,0.612
54,8,0.304
54,12,0.206
54,16,0.163
54,20,0.121
EPOCH54,0.618,71.796

55,4,0.620
55,8,0.306
55,12,0.211
55,16,0.150
55,20,0.124
EPOCH55,0.616,71.823

56,4,0.596
56,8,0.303
56,12,0.198
56,16,0.159
56,20,0.127
EPOCH56,0.614,71.833

57,4,0.618
57,8,0.308
57,12,0.203
57,16,0.150
57,20,0.120
EPOCH57,0.612,71.840

58,4,0.624
58,8,0.308
58,12,0.205
58,16,0.160
58,20,0.113
EPOCH58,0.610,71.837

59,4,0.617
59,8,0.311
59,12,0.199
59,16,0.148
59,20,0.123
EPOCH59,0.608,71.869

60,4,0.629
60,8,0.304
60,12,0.201
60,16,0.148
60,20,0.121
EPOCH60,0.606,71.882

61,4,0.602
61,8,0.303
61,12,0.205
61,16,0.153
61,20,0.117
EPOCH61,0.604,71.892

62,4,0.604
62,8,0.308
62,12,0.196
62,16,0.148
62,20,0.124
EPOCH62,0.603,71.885

63,4,0.635
63,8,0.287
63,12,0.203
63,16,0.150
63,20,0.118
EPOCH63,0.601,71.866

64,4,0.602
64,8,0.302
64,12,0.206
64,16,0.148
64,20,0.115
EPOCH64,0.598,71.942

65,4,0.625
65,8,0.283
65,12,0.199
65,16,0.146
65,20,0.119
EPOCH65,0.596,71.983

66,4,0.600
66,8,0.299
66,12,0.203
66,16,0.151
66,20,0.112
EPOCH66,0.594,71.969

67,4,0.583
67,8,0.301
67,12,0.199
67,16,0.145
67,20,0.118
EPOCH67,0.593,71.977

68,4,0.600
68,8,0.303
68,12,0.192
68,16,0.144
68,20,0.121
EPOCH68,0.591,71.981

69,4,0.572
69,8,0.301
69,12,0.195
69,16,0.150
69,20,0.121
EPOCH69,0.589,71.976

70,4,0.603
70,8,0.300
70,12,0.197
70,16,0.143
70,20,0.116
EPOCH70,0.588,71.998

71,4,0.577
71,8,0.303
71,12,0.185
71,16,0.148
71,20,0.118
EPOCH71,0.586,72.005

72,4,0.577
72,8,0.280
72,12,0.198
72,16,0.147
72,20,0.117
EPOCH72,0.584,71.991

73,4,0.581
73,8,0.286
73,12,0.201
73,16,0.153
73,20,0.113
EPOCH73,0.583,71.978

74,4,0.589
74,8,0.268
74,12,0.192
74,16,0.147
74,20,0.119
EPOCH74,0.580,72.034

75,4,0.580
75,8,0.288
75,12,0.190
75,16,0.145
75,20,0.116
EPOCH75,0.578,72.074

76,4,0.586
76,8,0.292
76,12,0.188
76,16,0.146
76,20,0.112
EPOCH76,0.577,72.085

77,4,0.572
77,8,0.275
77,12,0.189
77,16,0.147
77,20,0.117
EPOCH77,0.574,72.135

78,4,0.574
78,8,0.303
78,12,0.186
78,16,0.138
78,20,0.113
EPOCH78,0.572,72.140

79,4,0.558
79,8,0.270
79,12,0.188
79,16,0.152
79,20,0.116
EPOCH79,0.571,72.140

80,4,0.575
80,8,0.277
80,12,0.188
80,16,0.148
80,20,0.114
EPOCH80,0.569,72.160

81,4,0.609
81,8,0.282
81,12,0.191
81,16,0.141
81,20,0.108
EPOCH81,0.568,72.160

82,4,0.583
82,8,0.280
82,12,0.189
82,16,0.135
82,20,0.114
EPOCH82,0.567,72.126

83,4,0.581
83,8,0.279
83,12,0.186
83,16,0.140
83,20,0.112
EPOCH83,0.565,72.142

84,4,0.566
84,8,0.280
84,12,0.191
84,16,0.140
84,20,0.111
EPOCH84,0.563,72.197

85,4,0.579
85,8,0.276
85,12,0.187
85,16,0.137
85,20,0.114
EPOCH85,0.561,72.240

86,4,0.571
86,8,0.268
86,12,0.194
86,16,0.134
86,20,0.109
EPOCH86,0.559,72.209

87,4,0.559
87,8,0.285
87,12,0.185
87,16,0.136
87,20,0.114
EPOCH87,0.559,72.176

88,4,0.570
88,8,0.282
88,12,0.185
88,16,0.133
88,20,0.111
EPOCH88,0.557,72.219

89,4,0.543
89,8,0.298
89,12,0.183
89,16,0.136
89,20,0.111
EPOCH89,0.556,72.184

90,4,0.552
90,8,0.282
90,12,0.174
90,16,0.138
90,20,0.114
EPOCH90,0.553,72.273

91,4,0.568
91,8,0.260
91,12,0.188
91,16,0.142
91,20,0.112
EPOCH91,0.553,72.211

92,4,0.551
92,8,0.271
92,12,0.177
92,16,0.143
92,20,0.114
EPOCH92,0.551,72.244

93,4,0.577
93,8,0.272
93,12,0.183
93,16,0.134
93,20,0.107
EPOCH93,0.548,72.339

94,4,0.540
94,8,0.284
94,12,0.177
94,16,0.135
94,20,0.111
EPOCH94,0.546,72.354

95,4,0.532
95,8,0.272
95,12,0.182
95,16,0.140
95,20,0.107
EPOCH95,0.545,72.326

96,4,0.539
96,8,0.270
96,12,0.181
96,16,0.135
96,20,0.108
EPOCH96,0.543,72.349

97,4,0.525
97,8,0.279
97,12,0.175
97,16,0.142
97,20,0.108
EPOCH97,0.542,72.368

98,4,0.525
98,8,0.264
98,12,0.191
98,16,0.133
98,20,0.107
EPOCH98,0.540,72.374

99,4,0.556
99,8,0.276
99,12,0.174
99,16,0.131
99,20,0.109
EPOCH99,0.539,72.379

100,4,0.518
100,8,0.267
100,12,0.184
100,16,0.136
100,20,0.108
EPOCH100,0.537,72.393

101,4,0.551
101,8,0.270
101,12,0.178
101,16,0.134
101,20,0.105
EPOCH101,0.536,72.383

102,4,0.539
102,8,0.257
102,12,0.182
102,16,0.127
102,20,0.110
EPOCH102,0.534,72.410

103,4,0.537
103,8,0.267
103,12,0.180
103,16,0.134
103,20,0.105
EPOCH103,0.533,72.440

104,4,0.509
104,8,0.260
104,12,0.183
104,16,0.135
104,20,0.104
EPOCH104,0.532,72.421

105,4,0.529
105,8,0.267
105,12,0.182
105,16,0.133
105,20,0.103
EPOCH105,0.530,72.459

106,4,0.536
106,8,0.260
106,12,0.176
106,16,0.139
106,20,0.103
EPOCH106,0.529,72.439

107,4,0.551
107,8,0.260
107,12,0.179
107,16,0.126
107,20,0.104
EPOCH107,0.527,72.460

108,4,0.543
108,8,0.269
108,12,0.170
108,16,0.129
108,20,0.105
EPOCH108,0.526,72.451

109,4,0.542
109,8,0.256
109,12,0.180
109,16,0.131
109,20,0.103
EPOCH109,0.525,72.446

110,4,0.514
110,8,0.252
110,12,0.179
110,16,0.131
110,20,0.111
EPOCH110,0.524,72.436

111,4,0.514
111,8,0.261
111,12,0.174
111,16,0.135
111,20,0.102
EPOCH111,0.523,72.463

112,4,0.502
112,8,0.271
112,12,0.172
112,16,0.123
112,20,0.109
EPOCH112,0.520,72.541

113,4,0.513
113,8,0.257
113,12,0.165
113,16,0.133
113,20,0.103
EPOCH113,0.519,72.609

114,4,0.507
114,8,0.265
114,12,0.169
114,16,0.129
114,20,0.104
EPOCH114,0.517,72.647

115,4,0.540
115,8,0.265
115,12,0.167
115,16,0.124
115,20,0.102
EPOCH115,0.517,72.657

116,4,0.520
116,8,0.249
116,12,0.174
116,16,0.131
116,20,0.102
EPOCH116,0.516,72.674

117,4,0.508
117,8,0.256
117,12,0.173
117,16,0.124
117,20,0.108
EPOCH117,0.515,72.680

118,4,0.502
118,8,0.257
118,12,0.172
118,16,0.129
118,20,0.104
EPOCH118,0.514,72.689

119,4,0.499
119,8,0.262
119,12,0.168
119,16,0.128
119,20,0.106
EPOCH119,0.514,72.681

120,4,0.523
120,8,0.255
120,12,0.178
120,16,0.125
120,20,0.100
EPOCH120,0.513,72.689

121,4,0.498
121,8,0.252
121,12,0.172
121,16,0.132
121,20,0.102
EPOCH121,0.512,72.698

122,4,0.500
122,8,0.252
122,12,0.173
122,16,0.126
122,20,0.106
EPOCH122,0.511,72.727

123,4,0.526
123,8,0.266
123,12,0.160
123,16,0.129
123,20,0.100
EPOCH123,0.511,72.737

124,4,0.510
124,8,0.248
124,12,0.170
124,16,0.125
124,20,0.106
EPOCH124,0.510,72.728

125,4,0.505
125,8,0.263
125,12,0.168
125,16,0.124
125,20,0.100
EPOCH125,0.510,72.724

126,4,0.508
126,8,0.254
126,12,0.166
126,16,0.125
126,20,0.110
EPOCH126,0.509,72.735

127,4,0.505
127,8,0.256
127,12,0.166
127,16,0.133
127,20,0.099
EPOCH127,0.508,72.752

128,4,0.530
128,8,0.246
128,12,0.167
128,16,0.124
128,20,0.105
EPOCH128,0.507,72.768

129,4,0.498
129,8,0.263
129,12,0.176
129,16,0.129
129,20,0.095
EPOCH129,0.506,72.775

130,4,0.514
130,8,0.249
130,12,0.169
130,16,0.124
130,20,0.103
EPOCH130,0.506,72.787

131,4,0.504
131,8,0.256
131,12,0.172
131,16,0.129
131,20,0.101
EPOCH131,0.505,72.794

132,4,0.504
132,8,0.247
132,12,0.168
132,16,0.130
132,20,0.101
EPOCH132,0.505,72.775

133,4,0.493
133,8,0.251
133,12,0.172
133,16,0.126
133,20,0.102
EPOCH133,0.504,72.792

134,4,0.487
134,8,0.258
134,12,0.170
134,16,0.123
134,20,0.104
EPOCH134,0.503,72.817

135,4,0.495
135,8,0.261
135,12,0.169
135,16,0.126
135,20,0.098
EPOCH135,0.502,72.826

136,4,0.514
136,8,0.239
136,12,0.174
136,16,0.122
136,20,0.101
EPOCH136,0.502,72.819

137,4,0.489
137,8,0.254
137,12,0.171
137,16,0.120
137,20,0.102
EPOCH137,0.502,72.778

138,4,0.506
138,8,0.253
138,12,0.156
138,16,0.127
138,20,0.104
EPOCH138,0.501,72.820

139,4,0.486
139,8,0.250
139,12,0.161
139,16,0.130
139,20,0.100
EPOCH139,0.500,72.843

140,4,0.478
140,8,0.249
140,12,0.171
140,16,0.126
140,20,0.100
EPOCH140,0.499,72.850

141,4,0.512
141,8,0.243
141,12,0.161
141,16,0.131
141,20,0.098
EPOCH141,0.499,72.845

142,4,0.516
142,8,0.252
142,12,0.158
142,16,0.125
142,20,0.100
EPOCH142,0.499,72.808

143,4,0.495
143,8,0.257
143,12,0.169
143,16,0.122
143,20,0.101
EPOCH143,0.498,72.787

144,4,0.478
144,8,0.249
144,12,0.169
144,16,0.126
144,20,0.100
EPOCH144,0.497,72.815

145,4,0.521
145,8,0.243
145,12,0.164
145,16,0.125
145,20,0.097
EPOCH145,0.497,72.807

146,4,0.489
146,8,0.250
146,12,0.164
146,16,0.127
146,20,0.098
EPOCH146,0.496,72.827

147,4,0.501
147,8,0.246
147,12,0.166
147,16,0.122
147,20,0.100
EPOCH147,0.495,72.854

148,4,0.480
148,8,0.261
148,12,0.168
148,16,0.125
148,20,0.093
EPOCH148,0.494,72.877

149,4,0.469
149,8,0.244
149,12,0.171
149,16,0.125
149,20,0.098
EPOCH149,0.494,72.884

150,4,0.492
150,8,0.245
150,12,0.163
150,16,0.127
150,20,0.101
EPOCH150,0.493,72.908

151,4,0.504
151,8,0.247
151,12,0.159
151,16,0.130
151,20,0.092
EPOCH151,0.492,72.918

152,4,0.485
152,8,0.251
152,12,0.158
152,16,0.129
152,20,0.098
EPOCH152,0.492,72.881

153,4,0.503
153,8,0.240
153,12,0.172
153,16,0.124
153,20,0.095
EPOCH153,0.491,72.902

154,4,0.512
154,8,0.245
154,12,0.154
154,16,0.123
154,20,0.097
EPOCH154,0.490,72.915

155,4,0.488
155,8,0.251
155,12,0.168
155,16,0.120
155,20,0.095
EPOCH155,0.490,72.928

156,4,0.490
156,8,0.243
156,12,0.164
156,16,0.119
156,20,0.102
EPOCH156,0.488,72.985

157,4,0.484
157,8,0.248
157,12,0.166
157,16,0.122
157,20,0.094
EPOCH157,0.488,73.017

158,4,0.489
158,8,0.245
158,12,0.166
158,16,0.120
158,20,0.095
EPOCH158,0.488,73.030

159,4,0.482
159,8,0.255
159,12,0.159
159,16,0.119
159,20,0.100
EPOCH159,0.487,73.034

160,4,0.479
160,8,0.245
160,12,0.158
160,16,0.122
160,20,0.101
EPOCH160,0.487,73.037

161,4,0.486
161,8,0.248
161,12,0.165
161,16,0.122
161,20,0.094
EPOCH161,0.487,73.042

162,4,0.487
162,8,0.246
162,12,0.160
162,16,0.123
162,20,0.095
EPOCH162,0.487,73.042

163,4,0.495
163,8,0.245
163,12,0.164
163,16,0.119
163,20,0.097
EPOCH163,0.487,73.046

164,4,0.471
164,8,0.244
164,12,0.164
164,16,0.121
164,20,0.099
EPOCH164,0.487,73.046

165,4,0.471
165,8,0.239
165,12,0.165
165,16,0.120
165,20,0.098
EPOCH165,0.487,73.052

166,4,0.475
166,8,0.242
166,12,0.165
166,16,0.125
166,20,0.101
EPOCH166,0.487,73.051

167,4,0.495
167,8,0.244
167,12,0.160
167,16,0.122
167,20,0.096
EPOCH167,0.487,73.054

168,4,0.463
168,8,0.244
168,12,0.165
168,16,0.123
168,20,0.099
EPOCH168,0.486,73.056

169,4,0.474
169,8,0.233
169,12,0.159
169,16,0.124
169,20,0.101
EPOCH169,0.486,73.058

170,4,0.482
170,8,0.239
170,12,0.165
170,16,0.121
170,20,0.100
EPOCH170,0.486,73.058

171,4,0.483
171,8,0.240
171,12,0.164
171,16,0.123
171,20,0.096
EPOCH171,0.486,73.061

172,4,0.479
172,8,0.245
172,12,0.163
172,16,0.118
172,20,0.102
EPOCH172,0.486,73.063

173,4,0.479
173,8,0.244
173,12,0.156
173,16,0.123
173,20,0.100
EPOCH173,0.486,73.063

174,4,0.472
174,8,0.253
174,12,0.159
174,16,0.121
174,20,0.099
EPOCH174,0.486,73.065

175,4,0.482
175,8,0.238
175,12,0.163
175,16,0.121
175,20,0.098
EPOCH175,0.486,73.069

176,4,0.487
176,8,0.240
176,12,0.162
176,16,0.123
176,20,0.099
EPOCH176,0.486,73.068

177,4,0.507
177,8,0.237
177,12,0.166
177,16,0.121
177,20,0.095
EPOCH177,0.486,73.069

178,4,0.469
178,8,0.255
178,12,0.165
178,16,0.118
178,20,0.100
EPOCH178,0.486,73.071

179,4,0.484
179,8,0.239
179,12,0.159
179,16,0.124
179,20,0.099
EPOCH179,0.485,73.072

180,4,0.484
180,8,0.240
180,12,0.162
180,16,0.122
180,20,0.099
EPOCH180,0.485,73.074

181,4,0.493
181,8,0.240
181,12,0.157
181,16,0.125
181,20,0.097
EPOCH181,0.485,73.078

182,4,0.486
182,8,0.251
182,12,0.161
182,16,0.119
182,20,0.096
EPOCH182,0.485,73.076

183,4,0.510
183,8,0.239
183,12,0.158
183,16,0.122
183,20,0.094
EPOCH183,0.485,73.080

184,4,0.485
184,8,0.239
184,12,0.166
184,16,0.123
184,20,0.097
EPOCH184,0.485,73.083

185,4,0.502
185,8,0.238
185,12,0.166
185,16,0.120
185,20,0.095
EPOCH185,0.485,73.084

186,4,0.495
186,8,0.252
186,12,0.158
186,16,0.121
186,20,0.096
EPOCH186,0.485,73.085

187,4,0.494
187,8,0.227
187,12,0.167
187,16,0.123
187,20,0.098
EPOCH187,0.485,73.086

188,4,0.502
188,8,0.236
188,12,0.161
188,16,0.123
188,20,0.100
EPOCH188,0.485,73.086

189,4,0.481
189,8,0.250
189,12,0.162
189,16,0.124
189,20,0.094
EPOCH189,0.484,73.089

190,4,0.481
190,8,0.239
190,12,0.165
190,16,0.119
190,20,0.096
EPOCH190,0.484,73.091

191,4,0.491
191,8,0.246
191,12,0.163
191,16,0.119
191,20,0.093
EPOCH191,0.484,73.092

192,4,0.480
192,8,0.244
192,12,0.160
192,16,0.117
192,20,0.099
EPOCH192,0.484,73.094

193,4,0.480
193,8,0.252
193,12,0.155
193,16,0.119
193,20,0.101
EPOCH193,0.484,73.098

194,4,0.476
194,8,0.236
194,12,0.169
194,16,0.119
194,20,0.095
EPOCH194,0.484,73.099

195,4,0.489
195,8,0.237
195,12,0.158
195,16,0.123
195,20,0.099
EPOCH195,0.484,73.101

196,4,0.486
196,8,0.247
196,12,0.164
196,16,0.121
196,20,0.092
EPOCH196,0.484,73.100

197,4,0.505
197,8,0.234
197,12,0.152
197,16,0.121
197,20,0.100
EPOCH197,0.484,73.101

198,4,0.505
198,8,0.244
198,12,0.164
198,16,0.121
198,20,0.092
EPOCH198,0.484,73.106

199,4,0.501
199,8,0.232
199,12,0.160
199,16,0.126
199,20,0.097
EPOCH199,0.483,73.108

200,4,0.492
200,8,0.240
200,12,0.164
200,16,0.123
200,20,0.094
EPOCH200,0.483,73.109

